0 0 5985
0 1 5970
0 2 5987
0 3 5999
0 4 5962
0 5 5788
0 6 5879
0 7 5796
0 8 5671
0 9 6130
0 10 5687
0 11 5865
0 12 6230
1 0 5981
1 1 5968
1 2 5938
1 3 5646
1 4 5588
1 5 6131
1 6 6039
1 7 5850
1 8 5860
1 9 6026
1 10 5539
1 11 5779
1 12 6587
2 0 5963
2 1 5798
2 2 5942
2 3 5791
2 4 5579
2 5 5848
2 6 6149
2 7 5738
2 8 5808
2 9 6088
2 10 5896
2 11 5875
2 12 6537
3 0 5944
3 1 5918
3 2 5664
3 3 5401
3 4 5389
3 5 5865
3 6 5939
3 7 5878
3 8 6074
3 9 6265
3 10 5713
3 11 6064
3 12 6843
4 0 5904
4 1 5926
4 2 6042
4 3 5642
4 4 5482
4 5 5918
4 6 5965
4 7 5896
4 8 5753
4 9 6004
4 10 5705
4 11 6094
4 12 6654
5 0 5534
5 1 5747
5 2 6006
5 3 6267
5 4 6768
5 5 5588
5 6 5713
5 7 5599
5 8 5788
5 9 5907
5 10 5871
5 11 6116
5 12 5989
6 0 6177
6 1 6040
6 2 5853
6 3 5955
6 4 5699
6 5 6080
6 6 5839
6 7 5729
6 8 5918
6 9 6208
6 10 5710
6 11 5769
6 12 6068
7 0 6049
7 1 6012
7 2 5928
7 3 5809
7 4 5933
7 5 5969
7 6 5858
7 7 5882
7 8 5917
7 9 5943
7 10 5802
7 11 5916
7 12 6108
8 0 5813
8 1 5959
8 2 5558
8 3 5614
8 4 5446
8 5 6258
8 6 5993
8 7 6344
8 8 6340
8 9 6041
8 10 5839
8 11 5770
8 12 5965
9 0 5683
9 1 5769
9 2 5709
9 3 5760
9 4 5403
9 5 6084
9 6 5792
9 7 6070
9 8 6299
9 9 6023
9 10 6123
9 11 5956
9 12 6366
10 0 5814
10 1 5766
10 2 6145
10 3 6367
10 4 6713
10 5 5604
10 6 5828
10 7 5843
10 8 5707
10 9 5667
10 10 6472
10 11 5695
10 12 5349
11 0 5769
11 1 5856
11 2 6141
11 3 6439
11 4 6350
11 5 5734
11 6 5941
11 7 6033
11 8 5639
11 9 5809
11 10 6388
11 11 5654
11 12 5199
12 0 5902
12 1 6045
12 2 6272
12 3 6430
12 4 6477
12 5 5902
12 6 6018
12 7 6170
12 8 6080
12 9 6112
12 10 6155
12 11 5893
12 12 2955
