0 0 5703
0 1 6572
0 2 3198
0 3 6928
0 4 7695
0 5 4693
0 6 5943
0 7 5403
0 8 5130
0 9 5170
0 10 4375
0 11 4611
0 12 3976
1 0 6147
1 1 7130
1 2 3579
1 3 7228
1 4 8196
1 5 5009
1 6 6620
1 7 6013
1 8 5714
1 9 5411
1 10 4655
1 11 4769
1 12 4571
2 0 7118
2 1 7862
2 2 4099
2 3 8389
2 4 9326
2 5 5751
2 6 7393
2 7 6726
2 8 6612
2 9 6430
2 10 5640
2 11 5681
2 12 5241
3 0 6728
3 1 7551
3 2 3737
3 3 7345
3 4 8578
3 5 5298
3 6 7143
3 7 6518
3 8 6428
3 9 6141
3 10 5226
3 11 5457
3 12 5261
4 0 6521
4 1 7611
4 2 4016
4 3 7923
4 4 8912
4 5 5289
4 6 7267
4 7 6385
4 8 6261
4 9 6166
4 10 5346
4 11 5550
4 12 5122
5 0 4475
5 1 5486
5 2 2596
5 3 6272
5 4 7104
5 5 3513
5 6 5055
5 7 4578
5 8 4195
5 9 4462
5 10 3747
5 11 3941
5 12 3222
6 0 6300
6 1 7039
6 2 3365
6 3 7387
6 4 8122
6 5 4906
6 6 6091
6 7 5726
6 8 5765
6 9 5319
6 10 4711
6 11 4250
6 12 4266
7 0 7273
7 1 8263
7 2 4097
7 3 8642
7 4 9820
7 5 5807
7 6 7386
7 7 7082
7 8 6553
7 9 6602
7 10 5869
7 11 5383
7 12 5134
8 0 6821
8 1 7884
8 2 3885
8 3 7943
8 4 9484
8 5 5584
8 6 7696
8 7 7102
8 8 6692
8 9 6514
8 10 5458
8 11 5375
8 12 4771
9 0 6285
9 1 7213
9 2 3620
9 3 7634
9 4 8687
9 5 5034
9 6 7010
9 7 6421
9 8 6226
9 9 6255
9 10 5256
9 11 5123
9 12 4407
10 0 5840
10 1 6665
10 2 3569
10 3 8183
10 4 9029
10 5 4543
10 6 6603
10 7 5873
10 8 5136
10 9 5730
10 10 5072
10 11 4819
10 12 3486
11 0 5688
11 1 6705
11 2 3325
11 3 7632
11 4 8212
11 5 4599
11 6 6213
11 7 5708
11 8 5004
11 9 5537
11 10 4640
11 11 4819
11 12 2934
12 0 6265
12 1 7379
12 2 3654
12 3 8401
12 4 9075
12 5 4957
12 6 6962
12 7 6300
12 8 5871
12 9 6049
12 10 4692
12 11 5131
12 12 1238
